100 1400 182
1400 100 182
1000 4000 238
4000 1000 238
5001 12000 268
12000 5001 268
7999 12000 268
12000 7999 268
8000 12000 268
12000 8000 268
8001 12000 268
12000 8001 268
4599 13999 276
13999 4599 276
24000 29999 308
29999 24000 308
45001 999999 525
999999 45001 525
999999 999999 259
4000 4000 114
1 1 1
1 15 20
15 1 20
1 1003 179
1003 1 179
1 2002 182
2002 1 182
1 2999 217
2999 1 217
1 3000 217
3000 1 217
1 999999 525
999999 1 525
500001 500001 113
500001 500015 258
500015 500001 258
500001 501003 364
501003 500001 364
500001 502002 364
502002 500001 364
500001 502999 426
502999 500001 426
500001 503000 426
503000 500001 426
500001 999999 525
999999 500001 525
3004 3005 142
3005 3004 142
3004 3020 155
3020 3004 155
3004 4020 238
4020 3004 238
3004 5020 238
5020 3004 238
3004 5999 238
5999 3004 238
3004 999999 525
999999 3004 525
503004 503005 152
503005 503004 152
503004 503020 152
503020 503004 152
503004 504020 320
504020 503004 320
503004 505020 364
505020 503004 364
503004 505999 364
505999 503004 364
503004 999999 525
999999 503004 525
2999 3005 142
3005 2999 142
2999 3020 155
3020 2999 155
2999 4020 238
4020 2999 238
2999 5020 238
5020 2999 238
2999 5999 238
5999 2999 238
2999 999999 525
999999 2999 525
502999 503005 165
503005 502999 165
502999 503020 165
503020 502999 165
502999 504020 320
504020 502999 320
502999 505020 364
505020 502999 364
502999 505999 364
505999 502999 364
502999 999999 525
999999 502999 525
3000 503000 449
3999 503999 449
4001 504001 449
1 2 2
1001 1002 143
2001 2002 144
2999 2999 49
2999 3000 49
999998 999999 259
2 1 2
1002 1001 143
2002 2001 144
3000 2999 49
999999 999998 259
999 999 50
999 1000 112
999 1001 143
999 1002 143
999 1003 143
999 1050 156
999 1999 182
999 2000 182
999 2001 182
999 2030 182
999 2999 217
999 3000 217
999 3001 217
999 3002 217
999 999 50
1000 999 112
1001 999 143
1002 999 143
1003 999 143
1050 999 156
1999 999 182
2000 999 182
2001 999 182
2030 999 182
2999 999 217
3000 999 217
3001 999 217
3002 999 217
1000 1000 112
1000 1001 143
1000 1002 143
1000 1003 143
1000 1050 156
1000 1999 182
1000 2000 182
1000 2001 182
1000 2030 182
1000 2999 217
1000 3000 217
1000 3001 217
1000 3002 217
1000 1000 112
1001 1000 143
1002 1000 143
1003 1000 143
1050 1000 156
1999 1000 182
2000 1000 182
2001 1000 182
2030 1000 182
2999 1000 217
3000 1000 217
3001 1000 217
3002 1000 217
1001 1001 143
1001 1002 143
1001 1003 143
1001 1050 156
1001 1999 182
1001 2000 182
1001 2001 182
1001 2030 182
1001 2999 217
1001 3000 217
1001 3001 217
1001 3002 217
1002 1001 143
1003 1001 143
1050 1001 156
1999 1001 182
2000 1001 182
2001 1001 182
2030 1001 182
2999 1001 217
3000 1001 217
3001 1001 217
3002 1001 217
499999 499999 258
499999 500000 258
499999 500001 258
499999 500002 258
499999 500003 258
499999 500050 258
499999 500999 364
499999 501000 364
499999 501001 364
499999 501030 364
499999 501999 364
499999 502000 364
499999 502001 364
499999 502002 364
500000 499999 258
500001 499999 258
500002 499999 258
500003 499999 258
500050 499999 258
500999 499999 364
501000 499999 364
501001 499999 364
501030 499999 364
501999 499999 364
502000 499999 364
502001 499999 364
502002 499999 364
500000 500000 152
500000 500001 152
500000 500002 152
500000 500003 152
500000 500050 258
500000 500999 364
500000 501000 364
500000 501001 364
500000 501030 364
500000 501999 364
500000 502000 364
500001 500000 152
500002 500000 152
500003 500000 152
500050 500000 258
500999 500000 364
501000 500000 364
501001 500000 364
501030 500000 364
501999 500000 364
502000 500000 364
